26
270913057 1591556802 210287267
179706772 1718895522 271156141
514886327 1156713663 252696541
566815452 1526389766 252604243
230341315 1834032901 289382459
829427493 1697219799 120692147
131091488 1171811658 319109293
430485481 1656026858 210133537
119513600 1864888645 298743509
405599033 1088678134 318965893
945374876 1757356721 180472081
640862488 1017037970 352279391
709127809 1262858312 252444209
959437301 1375735845 388100683
949581378 1043680780 342545491
644259236 1704955723 224458649
530371505 1061409446 387828509
169252183 1194955335 210454823
914736556 1381080878 377719189
272161114 1912152851 289382459
428851335 1650932719 311239939
238078076 1897779311 210372737
422490497 1425144935 241380871
629562120 1273016610 388100683
155515759 1972224027 150373247
220005703 1516753467 150373247